1
6
7
10
12
14
18
19
20
21
22
29
32
33
36
37
39
40
45
46
46L
47
48
51A
51B
52
54
57
60
62
65
67
70
71
72
72M
72R
73
74
75
76
79
80
81
83
85
86
88
89
90
93
94
95
96
97
98
99
200
210
212
215
216
217
232
239
251
314
339
356
376
386
B
C
CB
E
F
FS
G
H
J
L
LA
LC
M
NL
NX
NX1
NX2
NX3
NX4
NXC
O
OX
P
S
SB
U
V
W
Z
800
801
802
805
840
851
604
605
606
607
611
617
620
621
623
624
625
626
628
629
631
638
642
646
648
649
650
652
653
654
655
657
658
660
662
663
667
668
669
671
672
675
676
677
679
680
681
682
684
687
688
696