58123
52246
57793
58355
56707
58868
57796
50101
54332
56717
50545
56711
55876
55852
52110
55487
56504
52420
55987
56668
52249
51545
52545
51770
56050
51525
59771
56722
58993
54233
54330
58331
57978
59430
59865
53365
58996
59123
56758
53040
52664
56340
52994
51213
56589
56810
56733
53531
51144
54130
59334
56787
53004
56989
55879
59772
51566
58336
54110
54784
55410
59934
58511
57895
57798
57780
57727
53114
58662
51021
53770
55235
51065
51134
57720
53304
51334
58663
53665
58815
50557
55178
53314
52165
57737
55363
58669
56706
57507
58321
59987
50116
55430
57656
56715
58177
56716
58277
58377
58910
53488
59008
58807
50277
50377
59949
57517
59040
51550
54082
54086
58817
57790
50399
50119
57527
56675
55393
56844
53113
56725
50450
53994
58344
51531
55606
58522
51535
59770
54682
56488
55844
56433
57500
57537
57797
58895
57767
51170
58843
58827
55024
58837
55278
52270
55708
55675
55995
56558
55378
55944
55537
57733
51591
55579
56661
52533
53370
55511
59255
57373
55994
58944
59992
51119
57367
52132
54387
53313
50510
55499
50300
54674
52146
55033
56121
56212
52149
57700
51551
55549
57750
52256
51145
58178
57597
58278
55041
50650
56658
51107
52666
55546
51444
54877
58899
55975
55476
55444
53422
50611
55523
55519
53466
55049
58677
58754
50578
53545
51578
51615
56501
51229
56512
52578
59400
55858
50236
50243
50251
50257
50258
50259
50541
50542
50612
55064
53578
55979
56523
55142
50622
55448
54096
55990
52700
55616
56411
54376
55718
52117
56422
56606
57957
55728
51166
55867
55978
54344
50888
55766
55730
51212
55395
55133
58977
56615
51915
56568
52245
55905
57975
56688
52217
55958
54440
55115
50529
55146
52626
52231
57589
52236
53227
59338
55790
59757
55149
59668
56499
52310
56465
55065
56310
59774
59908
55909
55915
54916
55970
50633
58667
55738
55807
57566
52252
52525
53327
59978
59918
59928
54254
57220
57330
56736
56910
59578
54894
56751
50701
50756
51701
51712
52723
59321
55164
52756
57990
54578
55107
56752
53723
56753
57585
58768
57432
59970
59938
51880
56759
52880
55817
50667
54954
56858
52239
50177
53880
50677
52331
56795
58568
55651
52336
57658
58820
50699
59968
59875
51050
50540
54559
55765
51171
53756
59879
56870
57056
51951
52662
55919
52300
52599
52339
55016
59300
55217
56796
58234
55827
51138
59555
55593
54050
54455
56888
54963
55837
55194
57651
57652
57653
58958
57156
58432
50234
54501
55241
55327
55761
55700
59213
58830
57115
57118
57228
50432
50911
55762
55763
51432
55955
55991
50600
59977
52223
52244
57774
51199
57655
52929
52922
56585
52323
53410
51277
57338
51677
56410
52377
57356
51167
55138
51510
58860
52333
57555
56555
52556
51667
55925
56980
57713
50977
59234
58007
56586
51959
58575
50575
55313
55246
58484
51180
55019
55070
50922
56200
55249
50877
57501
55264
59432
58117
52102
52105
57512
52025
53215
56320
54780
52267
54357
51877
58227
57523
55294
50705
50933
54373
54375
52667
54670
50966
55126
57956
59756
51977
56587
58337
55304
54398
50125
54865
50227
55314
57478
52280
53700
58089
50404
52052
51120
52077
51175
53367
53380
52977
57715
52877
59545
52502
58189
58710
57610
58289
58389
55769
50337
58689
57661
51231
59854
54014
55364
58847
54124
55394
57662
53077
50226
54358
54383
51220
54513
50229
58005
51235
54385
55456
55006
57955
55180
58533
55129
55231
53877
57887
53177
50997
53536
53539
52505
50336
51077
53667
52677
55904
56766
59554
55625
53457
55067
50339
56746
55914
50661
55924
55236
58825
55045
51622
58115
57663
57457
54787
50765
55280
52177
57587
55167
56546
50544
55239
55602
56434
54890
50662
56598
57669
51054
53356
57867
53277
51589
51801
55200
51765
59810
51173
51179
55941
50400
54120
51197
54230
54303
52995
50144
53677
51997
57725
51633
58599
53556
54305
55380
52100
58959
52765
52515
52535
55820
51856
52154
53977
53765
55942
55451
53321
55830
59077
52589
52812
51571
58225
50570
59177
52823
52856
55946
53243
53254
58335
50122
52007
59591
52228
51117
55267
59277
55165
59600
52207
50344
59755
51001
55501
55100
51699
53003
52271
55929
55603
59377
55367
52273
53005
55701
56077
55996
58455
53589
59895
50669
59765
59954
51101
53339
51544
55559
54588
57200
51377
59985
55226
52155
55452
54454
51300
55999
55585
50151
55935
59799
52955
50255
56177
58889
57776
55507
55652
57225
56654
55453
52592
59899
55454
55265
57799
51922
50750
51233
52279
54300
51251
53823
53856
54315
52297
54065
57010
56277
54165
54265
55321
54351
50105
54965
53458
54352
55712
57467
54359
55860
54363
57740
56300
59592
57050
57088
59593
51015
55609
51555
57711
51244
58835
52250
58220
55723
58330
52424
51005
51215
55529
51114
55619
56044
52342
55964
57735
53451
51252
57807
53452
57817
55967
58883
52355
54477
55548
51105
59004
55855
59900
58660
57335
51900
58851
54393
57557
55988
55722
56667
55365
54466
57827
58778
54767
55664
59114
55551
55678
56377
57188
57001
51160
55880
55525
55111
57755
52566
57300
56450
57288
57837
56144
58056
57082
50991
54655
58558
51575
56430
50444
54354
56521
52266
55998
50132
50604
50607
58156
58256
58356
58501
58512
56532
58523
59664
58978
59494
54374
59904
52010
59089
59189
59289
54587
59914
55629
52125
56944
54576
59689
59344
54676
59924
59881
54710
55610
50992
58478
56867
50201
50256
55177
59955
57112
50301
57856
50356
57223
59941
55459
51190
54384
54898
50993
57670
53307
50996
59010
51321
53317
50512
50523
52033
52544
52066
50601
58780
52625
59882
50901
50956
51523
51612
59883
53544
51901
51912
58885
50111
52555
55001
55524
59667
51956
52099
52023
50500
57286
51177
57900
52056
52501
53371
52612
57543
59942
52912
59946
52923
56570
53512
53623
57017
57127
57237
59056
59156
59256
59356
59501
59512
59523
56167
57808
59964
56267
57818
57828
57838
58654
57868
56367
55913
56967
58980
51301
54598
51312
55562
52221
59596
53372
51356
52115
59967
52925
50889
52230
54345
52325
51557
58855
55117
55506
51660
51162
56110
54743
54875
50745
50785
51745
51781
55594
50333
51785
50616
50621
50623
54855
56771
56610
50577
57578
56772
52782
54434
52785
53734
51163
58617
59886
53235
50543
53397
56773
55843
54989
56779
59559
54314
57751
55505
50355
51990
52330
55535
57688
50654
56977
57988
52257
52260
50927
50937
50971
50972
50973
51607
51627
51637
51697
50148
50163
50242
50528
54364
58774
52633
58551
55692
51192
57752
51193
54394
51654
58100
53783
52543
52654
53785
56857
57045
57245
51729
51511
57380
53072
57568
57805
57815
57825
57835
57851
57852
57853
57859
57945
58170
58270
58370
58675
58957
58975
58979
59745
59785
54657
54843
53654
58489
51196
53706
59913
55659
53709
51272
55951
54212
55965
55693
51275
56002
51671
52952
52911
51313
50501
51561
54232
55056
57388
54532
51730
53225
51344
51715
51744
52744
52290
51970
55597
51512
53000
55477
51008
52229
55645
54004
54566
51221
55899
51669
53744
55229
53115
54114
56551
56616
52352
55145
56003
52959
55011
55881
55952
52730
57144
57162
52272
55245
52660
54141
54610
51992
52790
56505
58553
53889
53303
58801
57244
51751
51108
52353
56009
57753
53445
53170
56700
55037
52572
52562
56788
57575
52112
56625
58559
55071
56445
53325
56119
56755
55685
55787
56229
52550
53566
52600
51011
58722
53563
52523
56055
52212
58733
53970
58956
50156
56057
52575
59399
55105
59654
56075
51143
57944
53022
52990
58812
56157
56171
59890
51201
52118
51256
51993
52120
56175
50844
54870
57160
51996
57845
56331
53099
51577
52218
56467
52320
51780
51844
55733
53166
52003
52243
57260
53230
53228
54998
56520
52725
52006
56530
55072
54224
55277
56590
54570
53199
58799
55338
59558
52009
55073
59800
54580
53430
55079
52780
53780
56603
53053
50766
56609
54520
52752
57290
53573
57880
52844
54760
57820
52203
53328
55780
52577
53030
50504
55009
54530
54590
54771
50711
53844
58044
57360
55215
52206
55097
57830
52209
57860
57390
58670
57561
56701
58144
57562
56712
53360
52261
56723
54310
50780
56734
58244
56619
57850
57196
57203
57206
57209
57563
55526
50788
57261
55172
58644
57569
52263
55173
57920
50170
57263
57930
57960
56070
55498
58853
59270
59370
59675
56629
57560
55179
59679
59720
50180
50890
59730
53100
51514
50845
59780
52269
51766
57551
51370
51845
52845
54650
53834
59958
52370
53390
56080
50244
52670
56631
53845
54043
53670
56170
52291
54143
54243
56850
54643
56270
54658
56370
50644
54943
56970
57120
55197
55207
57230
56860
58560
51189
52275
54985
59670
53611
58767
56808
56818
54980
50944
55271
51644
56828
56838
57130
50190
58245
50787
50230
51245
58534
58645
52296
51250
51560
52350
51280
56639
53151
53350
53305
52766
56691
56692
57759
56552
51787
57916
57931
50202
55043
52560
56515
57936
55108
53622
55307
53560
56693
56020
56516
55317
56066
52044
53423
56030
52661
52289
51788
53699
53911
53766
56090
53787
57211
52644
53922
53389
52663
55143
52788
52669
55371
53153
53503
56991
55626
56992
52944
59700
53966
53505
56626
55953
53990
58968
55160
53044
57322
52991
59607
59617
56145
59489
56151
53315
55969
55372
56150
55218
50158
56180
50181
56245
56993
53144
56280
53788
55243
55799
55686
55156
50722
56160
56380
56855
57576
53440
50245
56252
56820
56155
55190
54221
55260
51401
51372
56525
57611
55120
56250
55290
51412
52993
56260
51397
50349
50351
50357
50367
50373
50375
50385
57756
56350
56360
57622
54242
55089
56950
52524
59788
54450
55397
56960
50733
54355
59560
56526
59665
50580
52996
54766
53644
50130
50850
55189
53002
52232
57633
53515
59005
53433
50799
53006
53944
50225
55289
53009
59878
51534
58230
58920
56440
59044
50776
50303
51513
52557
53116
53119
53351
55325
53577
55328
56561
57811
55050
58960
51568
56987
51645
59144
56798
59787
51680
57450
50767
50710
59244
55822
55230
51260
51710
55702
59644
55943
51820
51830
54470
57510
51860
51891
51290
53302
51895
51945
51767
54480
55389
54420
56721
56732
52360
52390
52767
53120
53767
56015
58450
56016
55703
50938
50140
53306
55706
52358
53309
50335
55360
56125
51722
55390
55421
53316
55801
56126
50340
50810
55709
51450
51810
55981
56190
52450
58859
56040
56460
52382
52383
55716
53319
55719
55726
54460
55620
52385
58510
55812
56235
56236
52412
54490
51210
59450
56290
53362
56535
58050
55630
55729
57440
50310
55731
58440
52423
56760
55750
55736
53369
55532
51588
50555
55500
55911
52522
55665
51826
55590
50511
55055
55667
55255
50610
53391
50910
56390
56920
52534
56930
54646
52588
58587
55920
56166
54325
54511
57699
54664
54949
55823
57550
53055
57552
50522
57822
55756
57734
59766
52568
50988
51211
55122
50900
55422
55531
54055
52332
51610
51910
52510
51440
59120
59230
53510
55793
53392
59510
55796
59767
53396
59440
52680
50878
52830
51878
52860
54560
51088
52892
52895
52878
52945
51988
52101
53878
56130
53212
56457
56321
57782
51776
53034
51310
55445
50870
55930
55960
55907
57783
55983
56750
58750
53352
55690
56353
59220
57786
57553
59330
53593
53359
52776
56959
53200
56345
59598
58760
59009
53443
52188
51799
56536
54994
56559
52711
56562
52521
53045
58001
59870
56743
59943
53145
59569
50120
53532
53645
58789
55927
53680
55937
53820
51070
53470
52869
55971
57055
57732
53450
56470
58112
51080
51410
59660
55670
59981
53595
59982
54356
57340
50210
57989
57833
58650
58223
55972
51012
59920
56432
52123
58756
59776
59983
50676
51676
59930
55116
55404
56677
52345
57400
55661
58881
59577
54433
59965
53635
52676
53669
54215
50320
50223
51020
51030
54651
57866
59986
53991
54988
54652
53992
53996
53935
50887
58874
53363
53357
51060
54653
51002
51090
52299
52001
58458
59119
52444
55671
57676
55672
56645
56651
59960
53234
56595
57002
55199
52733
52710
57003
53223
55225
56635
50558
50880
57006
56866
56330
55673
58777
54478
51003
56620
52201
52150
54467
56596
54745
57454
52650
51887
53250
53650
55026
52799
53001
55029
54489
55031
54659
51006
54234
54370
53676
56443
53710
56076
56086
56158
56168
50800
59944
57009
53816
56630
55039
53819
56185
57151
51009
55061
54412
56547
50551
56276
50350
53711
54423
50238
50239
50143
50172
50464
50527
58678
56376
52224
53112
56186
52887
55679
56976
57116
55062
53953
57121
56670
55063
53887
59511
57011
52344
58567
57232
51102
56268
51103
53393
55784
53347
51158
55347
55069
56690
50552
53301
56286
51106
52988
58875
51130
53395
53959
57540
57119
57310
51109
56383
55091
57910
59676
56636
59710
52116
54080
57101
57212
55092
55093
53312
58062
58063
51330
59059
56805
57323
56815
56816
56825
56826
55096
52119
55162
55163
53288
53988
53551
55169
52216
57226
52219
58566
54380
53226
55130
55192
57252
55895
51898
54567
51112
55754
52898
55193
53550
54077
55740
51181
56990
54850
58800
57122
55196
53480
53456
56835
57229
55414
56548
58540
57331
57588
57559
53898
56458
56480
50430
56851
55203
56852
56853
56840
58340
57339
56859
59789
56861
55647
58940
52810
56647
53810
58598
53229
58310
51040
55023
50520
56862
58610
55875
50567
51240
57991
55256
58290
57992
50178
50179
50378
53326
53540
55206
51187
51989
59151
59159
51451
54020
57993
57996
58360
59022
59195
54030
57567
58840
58390
55201
53552
55441
59033
59066
54575
58833
54500
59225
54777
57777
52287
59444
53334
51110
55557
55840
55066
53329
55570
51567
56695
55424
55312
55901
57995
55102
59259
54845
57554
55261
57233
55464
55263
55945
54150
57353
51185
52567
58454
54250
58854
57878
56600
55503
54177
53567
52240
57477
59229
53799
54277
54457
55912
59007
55140
58563
53387
55854
55113
50454
52452
55103
59557
53460
53490
55655
59911
55564
53888
56566
55240
56464
59567
55770
51100
57556
55087
55187
54554
51558
58211
58554
59957
58322
53155
57795
57022
58080
58088
58757
57033
59166
55109
55940
50553
55287
59227
59940
54487
51454
52012
55216
50950
57066
56563
55219
58188
59459
55269
54155
52454
59353
54045
50559
55020
52552
53123
55512
54390
54950
51521
56541
59917
59975
56622
58878
52258
56140
56240
59927
55688
54665
55509
52200
56255
50606
59359
52532
55227
55465
55798
50440
55326
54449
54488
53533
55515
54543
53322
53373
57770
55466
59395
59112
59885
59588
58758
59505
55291
55874
54007
56542
59811
58630
57525
52282
56549
56346
58690
59540
55635
54476
54740
54347
56420
54987
57345
56451
59937
54117
54338
54348
57998
57571
57456
57266
56653
53323
59509
59266
55296
56452
57572
55856
59971
57155
53559
54498
50554
57573
55527
55438
58882
56999
50909
56453
56266
53636
59311
50855
55356
50995
54145
54421
56884
51800
54227
59979
53434
54997
59999
55571
58894
54331
58850
54336
55407
55112
52050
58915
58919
54840
58345
55302
54140
58925
55306
51176
52276
58929
56490
53050
50808
54339
55309
50533
59050
55316
59366
59973
55319
50885
51152
59223
55361
58456
55417
50881
50188
50882
53376
54458
57299
50456
50883
55362
56940
54640
57871
51153
57255
55101
57366
54550
59912
59611
54451
57355
54222
59222
58658
55076
55833
57399
59292
57911
55427
57872
55176
53375
57511
53557
55956
57657
59345
55471
57922
55276
59622
59858
52655
56569
55472
57595
50886
59822
55030
54411
59923
55431
59833
55436
54940
52285
59866
56685
55369
53663
59456
51345
54341
57873
57879
59100
55391
51137
58288
53939
57579
51288
51337
59683
51308
59045
54437
55494
57577
50211
55721
52388
55473
57881
51818
55479
51882
56088
59180
59245
59280
59380
54342
59534
59568
59645
59680
54438
58121
53134
54874
57848
58130
58212
50152
50153
50159
54349
55497
54365
50161
51883
57170
50195
58965
50507
57959
53511
54452
59340
59575
58388
55121
54453
57966
57744
55212
59544
51455
55080
54459
57979
55252
52122
59515
55439
50599
51881
59595
54465
57745
51202
51205
57758
59633
55475
54885
59856
59556
56556
54757
51886
51340
55764
52610
51253
56710
51259
52910
54431
51261
51262
53910
55392
57664
57370
51291
55976
51292
59519
57882
51295
51562
57889
51563
51569
54436
56889
59310
59711
51620
51630
57970
51690
59610
54881
51920
50165
51930
57547
55222
50212
51111
50391
55553
56789
56666
52111
55554
58222
53335
54700
51155
57111
59522
50639
56567
57771
57080
59393
56655
57773
57883
57333
51960
52015
59551
55396
55344
55771
52302
59552
55902
53353
51999
50323
59525
57886
57445
51885
52303
56696
55447
59529
51777
57580
56576
57221
52315
52558
51366
59859
52351
55088
55060
58500
54439
52392
55903
56188
52881
58070
52393
55331
53311
56288
50955
57877
56969
55644
59959
56656
51188
52828
52561
52563
52569
52630
52690
52930
58570
52960
53015
54747
53125
55906
56708
52156
52365
55916
53160
53190
54886
59579
50322
50445
53920
53121
53960
56025
56026
56210
56036
56051
56718
56052
56053
56059
54534
59722
52883
55090
58897
55734
53447
56061
55926
56728
53256
51159
56447
55057
56738
59759
55781
59884
57671
57785
59795
51445
55689
55545
54666
55541
58444
55518
55528
51399
56454
54353
51051
58688
56659
55446
56500
50666
58666
55922
53599
57778
51500
54955
54245
52445
54435
50755
55450
55850
59898
52882
56686
55188
59535
51161
52455
53358
54522
53383
51711
55636
59553
50707
54585
55598
51154
55075
55695
57775
53385
59533
55588
56466
58588
55449
55587
53777
54888
55782
52619
55767
55157
59699
55166
52500
54200
57997
54008
53448
51651
59133
59976
52288
52151
57411
52885
56388
57772
55696
50858
57891
51022
50775
54533
59733
55171
52152
53348
55783
54118
51858
52322
52652
51717
53633
54228
59775
54668
53558
53336
55337
50899
58555
55175
52000
57000
55599
51666
59669
53993
57667
55348
55648
56005
55684
55786
55931
51899
56062
52886
53881
57892
51191
57422
51554
52858
53882
55894
55897
56448
53441
57466
56063
56648
57499
59696
57672
53886
55137
58802
50488
59445
56069
56095
57896
50127
56096
56152
56153
56159
56162
57673
54645
53446
53210
51771
51855
58400
51517
59539
53838
51311
56900
55232
55336
54448
59779
55150
59956
52900
55233
55433
55323
51775
56689
59997
56699
55220
53400
54945
51355
53133
55223
53655
55883
56784
56543
59905
59797
51888
59455
53233
52822
55582
56100
53933
53449
55566
57222
56660
50110
58765
54400
59922
55010
54322
57800
55882
52527
55400
54844
50112
51223
58550
55878
55119
55596
55657
55595
55961
55622
58806
51066
55539
53111
55355
55886
55522
55533
55550
59000
51333
55962
51315
58997
56191
56259
58809
56261
56263
50720
56441
56269
50388
50730
59101
58955
52554
55601
56292
58995
56446
51099
58085
53885
55808
54774
58158
58819
58185
55144
55542
57077
56442
51351
52899
50688
55818
55612
58826
56449
53995
57443
59232
59323
55963
59002
54378
59003
57854
56295
50970
56296
56303
56305
59006
56306
56315
58745
56316
58781
58782
56351
58443
56352
50443
59116
51237
56359
58783
51570
53477
58829
58821
55485
55418
51688
59226
55250
54600
55350
56781
51750
58834
56361
56362
56369
56393
58786
55025
59336
54335
52855
51443
53899
55035
56782
58556
59945
59333
52166
50117
58832
55428
53833
54475
55468
51127
55828
54485
52088
51234
51488
56756
58898
51323
56395
51870
52199
54557
52570
56396
58994
53537
55481
52443
53354
52870
56905
56906
50114
59443
56909
58831
58836
55482
52720
53870
56915
55623
58839
59919
52750
56925
56926
56929
56935
56936
56939
56951
56952
59661
56953
56961
56962
56963
57076
54367
57176
54756
53570
57276
59662
52488
58862
54407
57376
59663
57976
59015
56476
53730
54443
59902
59019
59125
59488
53750
55758
51227
52727
51124
51353
59129
59903
54900
54405
56557
59160
56001
59235
55483
59239
59260
57343
59360
59561
59562
59563
59620
59630
50131
50135
51360
51390
57410
54764
56131
56135
56136
57458
57480
58087
58187
58287
58387
59906
57645
54471
58457
58470
55992
58687
51224
52688
59130
57680
53341
58258
56702
59597
56112
50457
53342
54472
50587
57980
58863
53399
54599
56511
56222
54445
56785
55300
53135
55272
50155
53253
58869
55838
56995
56719
52772
54415
53554
55633
58488
56366
54005
53435
55857
54100
55457
55676
58485
55868
59916
59211
53500
55699
58285
57885
58008
54115
54410
51755
55950
56800
51151
56611
55772
55774
59322
55000
51195
53088
55510
54505
51322
55576
51125
53346
58581
56400
57677
55574
58358
50556
58877
52277
56669
50566
58582
54422
51411
50405
54479
51552
54497
57748
53349
55710
51587
59897
52470
52587
52740
53473
53475
53587
53740
56475
59926
57140
57240
58385
52775
50330
56056
55984
54425
54495
54515
55158
55052
58508
59984
52722
56477
51004
52237
58518
51104
53653
50338
56774
52337
58118
57558
59925
53737
59090
50668
51553
51599
58528
51415
55014
55053
54711
56811
58557
51559
56060
55435
55275
55059
54225
59935
58583
56006
52121
52114
58411
55977
50774
52214
56601
55017
55124
51168
52422
55898
53773
52425
56156
54565
55127
55341
55342
58538
59495
56996
53775
55650
57177
58685
55745
53666
57460
59931
57490
55997
50777
56612
51217
57564
51182
56729
53188
56731
54722
54733
57598
58422
56739
51760
57940
56256
55095
53224
54799
58576
56791
54418
54428
58586
59457
59470
52127
59587
59659
53324
59740
59798
56792
54468
54481
56623
56793
54984
51183
59590
52170
56848
58348
50585
58948
50576
52327
51576
51721
57020
56822
54525
51186
59936
59961
55346
56657
56955
51668
52576
52721
50805
59962
52732
54482
54483
54999
52760
53576
56671
53237
59550
53270
53732
57065
58865
56672
59963
57277
56673
53800
53760
55388
55155
54775
56507
53513
56517
54002
59939
55443
51136
57665
51774
56679
56527
58998
57030
57433
55237
54003
57165
55592
54995
57060
58181
57100
51581
56455
59889
53600
57090
51139
54474
51585
54088
58466
55345
54006
54009
54188
51336
56356
54486
55607
51616
55357
51611
56573
57250
51339
57365
56833
52208
57521
56579
57350
57532
53688
52334
57520
56550
55405
57530
56880
52268
55349
55210
57965
52281
55567
55577
55663
56777
59499
51156
50660
59951
55785
55646
57133
58499
58810
54288
56956
52226
54119
52283
55110
56966
55004
50508
55707
55547
52227
55660
59952
55617
58477
51911
55634
57377
57950
56597
59576
50458
58228
58890
51919
55627
59088
55604
55637
55614
55717
58655
59950
54484
59055
55866
56115
59953
55624
54858
57789
51458
55152
59070
57765
55181
51480
54226
52286
58548
55789
59969
55697
55641
57320
57620
51840
52458
52480
52840
53483
53485
53840
54104
55185
56116
51225
51135
55159
55415
59099
57522
56334
54214
57630
56468
56485
56486
56864
54144
57766
57487
58098
58140
58240
58298
58398
58420
58497
58451
58452
54403
58453
56560
58459
58647
58460
58490
52225
58564
58640
58698
58949
59458
59480
50141
50451
50452
50453
50459
54856
50564
50598
50865
51241
57874
52668
59570
54688
58280
52220
51331
55520
57722
50411
56161
54334
52774
54404
55375
55575
56665
55161
56783
55989
55258
54111
55425
51815
51851
56007
53008
50422
55136
51123
55139
55649
53377
56646
55933
55847
58983
56854
51452
51453
51459
58343
51460
51490
51564
55334
51640
58380
55282
51821
54409
51147
58954
51174
52582
58011
56634
50108
55865
51700
54811
52585
52335
53535
51955
55495
54558
56117
54822
57977
51018
51865
57754
50466
52417
53553
58680
55558
58788
59566
59996
56644
55335
50128
59188
52825
54535
58122
50280
52459
52128
59288
54229
54419
59388
55458
55195
55727
55705
56564
55474
55711
55008
51991
55715
59995
52022
55285
57788
55694
52145
59155
56522
58887
55568
52640
54555
54333
59990
54000
57666
58200
58858
58888
55572
55544
52222
58000
54499
59876
59991
58900
54833
57875
52247
55569
55002
52832
53746
55552
59599
57999
56565
55777
54426
55563
58233
54327
55202
53947
53974
57041
57042
57046
50142
50197
50206
50207
50219
50231
50237
50282
50285
50287
50292
50147
50149
50164
50167
50168
50262
50267
50275
50276
50402
50403
50406
50407
50414
50415
50467
50474
50475
50478
50484
50487
50546
50547
50548
50549
50572
50592
50594
50596
50597
50602
50632
50734
50735
50743
52940
53140
53403
53405
53415
53425
53463
50380
50680
50820
52328
53493
52410
53495
53564
53598
52980
53640
53832
50830
53865
53238
53940
50860
56046
56064
56141
56146
56164
53245
56242
56246
56264
56364
59988
56607
54429
53280
53980
52274
53374
56415
54056
56416
56425
53308
56469
56114
56495
55047
51335
56496
51541
56946
53131
51238
56949
54866
57544
58065
58165
58265
58365
56887
53318
51580
59855
55737
55358
58845
50499
59688
53368
55074
51850
56617
54661
52080
54461
56627
56637
54462
54662
51388
54156
51422
58911
58521
52580
55339
55147
54547
50477
51466
54663
56224
54463
55131
56697
58922
51499
52820
52850
54256
58532
56674
54414
58933
55687
54956
55174
50811
56687
52411
55247
54669
55725
58966
54424
53080
54778
56997
50822
52466
58565
53381
54432
53580
56508
56518
56528
58707
54469
50166
56538
54491
53830
53850
58717
55274
55374
54991
54492
52499
58797
59098
58656
54992
54464
55698
59140
58433
54595
54493
53340
53382
55704
56985
59198
59240
59298
54496
56604
59349
59398
59420
59451
56577
57470
59452
54574
58578
55714
50833
51995
55135
54456
50565
56676
51518
54494
53386
55383
54244
58989
58848
55012
54548
50199
56698
55123
56614
52528
54848
56998
55621
54210
50655
55848
56765
55385
56986
59453
57674
59460
59564
59640
58020
59698
58487
51341
52313
53013
56313
58320
50265
50365
52852
55724
53668
55632
55205
53538
54584
56881
57447
53774
55741
55742
55340
58282
50233
56882
55028
55640
52234
59410
55746
50965
58448
51532
50656
51621
54993
51921
57888
55455
56640
55749
51565
59820
56883
54996
51266
58060
55794
57654
55778
55118
55845
54644
59411
52055
55154
52021
54504
58665
53583
53232
55434
54514
55214
55747
58250
55488
54552
50866
58892
52032
52065
56624
55234
59860
56641
56221
55324
58893
55947
59891
52621
52632
55735
55038
59877
59892
56642
59893
59896
55974
50154
53585
58766
52921
56225
56012
52932
52965
56123
53032
54377
56745
56649
56678
50998
58350
57890
53211
50433
55402
57004
57114
50343
58520
53165
51433
53521
53632
57224
56694
52433
54388
58530
59422
55068
57994
58590
59947
58880
55228
56664
56780
58055
54413
51477
58775
56720
52542
51254
51822
52354
56994
54524
58896
59974
55834
55403
56868
55751
55406
59080
51198
58988
51833
51998
52002
58300
56054
59580
53388
55530
51299
56456
54151
52005
57217
57327
56730
56790
51866
56332
58600
55254
54022
56154
50884
58155
51230
57533
53835
54252
52477
52298
58884
55253
57607
57617
50126
51884
57627
57637
58987
57697
59065
59165
59265
59365
57574
52998
56254
53530
54311
50502
52011
54884
54541
59532
57687
59343
57898
50134
50136
50137
50138
50603
51365
51656
52311
51441
55409
56876
50489
50539
50574
50579
50581
50582
50583
50584
50586
50591
50747
50751
50752
50758
50759
50761
50762
50763
55083
55484
57210
53853
55086
59466
50129
51016
52811
51019
58338
50665
51216
52884
50118
55259
55354
50260
53398
52340
57007
55262
50290
53998
55966
54366
55416
57475
52565
57857
59713
53333
59933
53332
56333
50284
57054
57154
58210
57448
55810
50360
57254
55419
57354
52126
56588
54944
58447
50390
55713
50620
57465
59210
50849
50864
51804
51824
52366
51228
56554
57117
57171
59449
56632
55538
52755
58255
55478
54399
52833
54959
55266
55805
54545
57779
59589
56226
56533
55426
55540
55669
54667
52866
59966
50630
55182
55183
51165
58657
52326
51232
58705
58715
58725
58735
58751
52338
52321
58110
55461
56344
55462
55954
53454
55198
55463
55186
50930
55208
55298
52329
58804
53231
53236
50960
56010
53011
50447
51236
53239
58759
53822
53260
55985
58761
57272
58814
58824
55489
56778
54564
53290
58762
51239
51520
56105
58770
53110
55398
55018
56106
52202
58505
55034
56775
56215
51530
51447
53310
54001
55281
51055
51590
52447
54678
55608
55469
53122
59754
56326
55283
51950
55491
56503
56509
56529
52030
58515
55286
52648
55005
53999
53331
55504
52684
59857
56786
53484
55492
58846
54789
55493
56539
52060
57441
55496
52113
56650
56592
58849
56593
57442
53866
59320
58498
57446
52090
54112
55330
55618
52530
52213
55821
55832
50657
58864
51320
55308
52130
55213
57449
51057
51071
51761
52590
54734
52107
54785
57743
52171
57768
58221
58813
58332
52172
52175
52657
58740
52620
58798
53437
52762
54170
52920
52950
53020
55318
54270
51148
53060
54033
54517
54223
55586
55638
55401
55753
55292
58771
53684
53520
50700
53804
58525
56754
53272
55681
50421
50423
50424
50425
50524
50526
50573
50673
50674
50679
50686
50687
50689
50695
50696
50698
50702
50732
58772
51184
55680
55890
56033
55368
55381
56099
55910
55412
52248
55682
53590
57644
56768
59844
54540
54571
50448
52205
51448
52284
52448
54572
53630
55683
56899
58441
50503
56662
55959
55114
53733
55888
54442
56262
54573
58442
55423
53384
58383
53565
58779
54579
58446
55643
55891
58535
50506
53656
53930
59549
50113
53275
53657
53763
58033
56065
55892
58449
55382
54066
51501
56335
55386
55013
58066
56199
51044
56299
56165
54542
56265
55613
50757
54597
54040
52251
52144
56113
56757
53950
59448
57650
54099
56761
55802
57455
55299
56111
58111
55811
51116
51757
59655
54430
55803
56120
57105
53244
58595
55578
56311
56613
58099
55048
54546
54323
51133
55658
56885
59585
58668
58166
55806
55893
52757
55815
56011
50990
52512
50205
57844
53757
56399
55889
58199
55809
56643
54549
56122
58266
54320
57215
54675
57325
55084
55887
55816
57760
55877
56762
54720
54113
54730
55413
55819
53338
57708
55295
50252
55896
56770
57718
55755
50509
54654
55934
52253
56008
56233
56763
55148
53453
55773
56769
59110
57474
56365
53523
57728
54166
50441
57605
56230
56965
57606
51665
55826
57615
51516
57616
56118
50305
50221
50442
56228
55015
57855
55744
58094
58142
50781
50782
50783
50784
50786
50797
50798
54970
56338
56574
55829
54199
55040
57626
50446
57430
55831
50449
59020
51442
59910
57640
56608
55411
56911
55432
57738
54834
57635
57695
55184
50854
51854
52854
53404
53414
53424
53464
53494
53843
53854
58984
56404
50434
56336
56414
56424
52259
56494
58054
58108
55303
58409
58154
50771
51519
55305
50772
58776
55021
51446
55836
55315
55032
55839
55248
58870
58493
56544
55003
59150
58254
58328
56877
55284
58496
50809
56663
58805
54034
58354
54266
55384
54180
50306
50608
57761
51449
55804
50353
55814
58465
59190
54280
58747
57762
59498
56988
57675
54299
58299
54329
58311
58808
51515
52526
56363
57769
52262
55870
59350
55862
55842
55760
54611
57660
59565
54754
57075
56618
55846
59390
55863
55869
55849
54538
59520
59441
59221
55908
59530
50985
51058
56599
54553
54622
54581
55864
59442
54582
55918
54583
56628
59446
55928
59880
58366
59887
50515
59690
50773
52343
50779
55948
54586
54634
59332
54633
57157
59921
51081
58399
58611
51085
53432
54788
51350
55311
54012
58004
54680
51658
51981
51772
54820
54830
53130
50778
50200
51778
59656
55835
58818
55851
58580
50770
58622
51773
58544
56767
50525
58114
54860
56211
52108
58430
59434
54123
52158
52181
52182
52185
54770
55980
59840
52658
52982
50535
56764
56878
55938
56748
57894
54568
59894
54350
54134
57175
56922
52292
57257
59980
50104
51779
56933
56638
51014
56578
56322
50470
52985
51214
50740
52771
51430
50876
54561
52124
52140
53218
53258
50987
57858
53282
51876
51987
53283
53285
55224
51655
55125
52242
59199
51255
57787
57600
55366
56605
57070
53658
53983
52773
53220
55968
54562
53320
53985
52430
58224
53431
54717
54727
52876
53436
54737
54797
54015
58633
57707
52779
52778
54563
52987
58664
57437
57704
53876
55320
59011
54125
55470
59948
51132
59122
57714
54569
58699
53778
56681
51332
58785
59233
50595
55132
55244
52511
57647
50605
53755
56510
55813
58105
57344
58215
57724
58325
53771
54776
50678
54880
50789
57545
51678
59778
54160
58871
51789
54190
58651
54235
58990
51150
58872
53987
50224
56704
57741
56714
59477
53543
54260
56682
56545
58873
53772
54290
58879
58652
54887
58653
56741
58659
53779
52678
59658
54502
59805
59809
59815
56742
59819
59825
57702
57275
57742
54503
52789
53678
57746
54506
56749
57703
56575
57749
57794
58002
53789
56794
57040
57810
54509
59829
57706
54699
57709
55480
54765
55743
53221
57899
54911
54922
58003
57716
59835
59839
59851
59678
59852
59853
54526
59869
56713
50254
50354
50465
58480
54529
51421
51465
51954
52054
52421
52465
52954
54531
57012
53043
55759
57321
56898
54220
52341
56683
53054
57123
50480
50664
53143
58991
50840
53154
55141
52348
54933
57488
54539
53643
53943
53954
58040
59054
54591
59154
59254
57599
59989
55351
50994
54011
52295
52551
54966
51142
59354
58006
50124
50133
59433
57719
57726
50150
54122
57729
54010
57731
57701
59465
58133
55654
51354
54592
55768
54133
54660
57357
50905
58748
54593
50240
50959
50215
54596
50325
50651
50652
50653
50659
51025
51031
51035
51146
54620
51052
51053
58545
50419
50426
58009
55795
50429
51059
51061
58116
50560
57736
52529
51149
58119
50420
51091
51095
51652
51653
54630
51659
54690
51122
50266
52103
52106
54920
54854
57712
50299
56133
50460
57739
52153
52159
54990
50490
51164
54930
52161
54960
51194
55420
55871
50640
55352
55460
55242
57337
51664
51994
54510
57897
56435
55949
58876
57791
52162
52191
52004
50940
52192
52265
58828
52195
52651
55872
58867
52653
52659
53103
57792
53105
53202
53203
55674
53205
53216
58226
53219
51505
52204
56436
58229
58838
55490
50493
52241
52040
58012
50818
50821
50825
50832
50835
50838
50843
50851
50852
50853
50868
50871
50872
50873
50874
50891
50892
50893
50894
50896
50902
50903
50904
50906
50907
50908
50912
50915
50919
50921
50923
50925
50932
50934
50935
50939
50943
50949
50951
50952
50953
50957
50958
50969
50975
50976
50978
50979
50983
50986
51027
51036
51037
51038
51041
51043
51047
51062
51063
51067
50000
51072
51073
51079
51082
51083
51096
51097
51098
51203
51204
51206
51207
51208
51209
51246
51247
51248
51249
51263
51264
51267
51268
51269
51273
51274
51276
51279
51283
51284
51287
51289
51293
51294
51296
51297
51298
51303
51305
51314
51316
51317
51318
51319
51325
51326
51327
51328
51329
51342
51346
51358
51363
51371
51373
51375
51376
51393
51395
51398
51404
51405
51413
51416
51417
51418
51419
51423
51424
51425
51431
51435
51437
51461
51464
51467
51471
51474
51475
51476
51478
51481
51494
51495
51498
51502
51503
51504
51506
51507
51508
51509
51524
51526
51528
51529
51536
51537
51538
51546
51547
51548
51549
51572
51573
51574
51579
51582
51583
51584
51586
51592
51593
51594
51596
51605
51606
51613
51614
51617
51618
51623
51625
51626
51632
51634
51635
51636
51641
51643
51646
51672
51673
51674
51679
51681
51685
51686
51687
51691
51695
51696
51698
51705
51713
51714
51716
51718
51719
51723
51725
51727
51731
51732
51734
51735
51737
51741
51743
51747
51752
51753
51758
51759
51762
51768
51769
51782
51783
51784
51786
51791
51808
51813
51814
51816
51817
51819
51823
51825
51828
51831
51832
50641
50649
50964
51946
52046
52094
52463
52493
51349
51352
52904
51028
51026
51381
51383
51385
51387
51389
51391
51491
51619
50435
53164
53914
51029
53964
51348
51462
59142
59241
59406
59416
59604
59614
59641
50815
50764
51539
51364
51394
51378
52613
52913
57413
50413
59413
51707